   MHSM          GG     GAM GAM     Z GAM         WW         ZZ       WIDTH
_______________________________________________________________________________

 100.000     0.6983E-01 0.1572E-02 0.4918E-04 0.1111E-01 0.1125E-02 0.2493E-02
 105.556     0.7612E-01 0.1784E-02 0.1904E-03 0.2639E-01 0.2310E-02 0.2672E-02
 111.111     0.8122E-01 0.1987E-02 0.4526E-03 0.5542E-01 0.5111E-02 0.2908E-02
 116.667     0.8406E-01 0.2155E-02 0.8332E-03 0.1034     0.1074E-01 0.3241E-02
 122.222     0.8362E-01 0.2258E-02 0.1295E-02 0.1732     0.2020E-01 0.3738E-02
 127.778     0.7924E-01 0.2268E-02 0.1770E-02 0.2638     0.3360E-01 0.4501E-02
 133.333     0.7101E-01 0.2172E-02 0.2172E-02 0.3693     0.4963E-01 0.5703E-02
 138.889     0.5979E-01 0.1976E-02 0.2425E-02 0.4810     0.6561E-01 0.7656E-02
 144.444     0.4686E-01 0.1701E-02 0.2480E-02 0.5915     0.7790E-01 0.1099E-01
 150.000     0.3331E-01 0.1363E-02 0.2307E-02 0.6985     0.8201E-01 0.1733E-01
